149.785 -265.81400 -377.01100
95.365 -270.18800 -377.28500
88.512 -266.02100 -377.30900
78.698 -258.43100 -377.29100
86.94 -248.45200 -377.33900
102.325 -244.08800 -377.25800
93.346 -242.27900 -377.27000
148.33 -220.27100 -377.21400
132.939 -282.61100 -377.00200
139.867 -275.49800 -377.01800
123.667 -284.85400 -377.05000
92.889 -281.35800 -377.25400
77.835 -282.83900 -377.25300
83.476 -277.56300 -377.30000
76.988 -272.63700 -377.29800
176.006 -289.90300 -376.62300
23.62 -201.54600 -376.80500
23.802 -222.35300 -376.87200
40.489 -235.17000 -376.96100
54.527 -237.51800 -377.12300
64.851 -250.81300 -377.23900
70.075 -259.40200 -377.26600
60.057 -263.67600 -377.18000
50.676 -264.54600 -377.10000
67.99 -271.10300 -377.23600
60.058 -271.90500 -377.20400
70.885 -278.81800 -377.25200
45.54 -273.24500 -377.06600
53.156 -276.26800 -377.09000
22.659 -263.69400 -376.94800
55.097 -284.28500 -377.18100
14.9 -273.87000 -376.91000
105.281 -217.18000 -377.25500
98.53 -230.16200 -377.26000
81.845 -229.33700 -377.27000
79.541 -238.12800 -377.27000
75.12 -247.00200 -377.25500
71.017 -235.92900 -377.23900
62.567 -228.98700 -377.21000
50.691 -221.88500 -377.07800
160.465 -573.20700 -374.77300
128.046 -350.49400 -376.57000
69.771 -294.03100 -377.19200
78.731 -297.25900 -377.19600
103.941 -300.91400 -377.05000
100.172 -288.89600 -377.15700
395.452 -371.15200 -374.51500
263.547 -389.27400 -375.32200
-326.141 -203.60800 -373.94500
-173.425 -193.59500 -375.03200
2.515 -292.84100 -376.89200
46.554 -287.46900 -377.11500
56.141 -295.92200 -377.15600
33.705 -351.04800 -376.97600
-50.127 -536.15900 -376.18100
-84.88 -519.14100 -376.31400
-86.373 -284.12100 -376.25000
-100.347 -284.09700 -376.18000
-114.346 -284.09200 -375.91000
-128.34 -284.10400 -375.77000
-79.369 -271.98600 -376.24000
-93.339 -271.97600 -376.07000
-107.365 -271.95700 -375.95000
-121.355 -271.99100 -375.83000
-135.367 -271.96200 -375.65000
-72.38 -259.84800 -376.24000
-86.349 -259.84400 -376.10000
-100.373 -259.84700 -375.96000
-114.357 -259.83900 -375.82000
-128.346 -259.84800 -375.70000
-142.36 -259.84900 -375.50000
-65.362 -247.72300 -376.23000
-79.366 -247.74200 -376.08000
-93.355 -247.74300 -375.94000
-121.369 -247.74400 -375.72000
-135.353 -247.72100 -375.59000
-149.358 -247.73100 -375.41000
-72.363 -235.61000 -376.09000
-86.344 -235.60600 -375.97000
-100.367 -235.61600 -375.85000
-114.335 -235.59800 -375.74000
-128.349 -235.61000 -375.56000
-142.34 -235.58600 -375.44000
-79.374 -223.47400 -375.99000
-93.343 -223.48800 -375.87000
-107.357 -223.46200 -375.77000
-121.372 -223.48800 -375.57000
-135.352 -223.48600 -375.48000
-86.362 -211.34100 -375.88000
-100.364 -211.33800 -375.75000
-114.359 -211.35300 -375.60000
-128.345 -211.35800 -375.48000
9.985 -158.45200 -376.54000
-4.006 -158.45600 -376.41000
-18.022 -158.43900 -376.26000
-32.013 -158.44200 -376.14000
17.013 -146.30900 -376.59000
2.985 -146.31600 -376.42000
-11.022 -146.31100 -376.31000
-25.002 -146.32000 -376.14000
-39.014 -146.30400 -376.04000
23.966 -134.20100 -376.57000
9.983 -134.18500 -376.42000
-4.005 -134.20600 -376.30000
-17.99 -134.18200 -376.15000
30.991 -122.07500 -376.60000
16.989 -122.07000 -376.46000
2.972 -122.05800 -376.32000
-25.015 -122.05500 -376.09000
-39.014 -122.09000 -375.95000
-53.019 -122.05200 -375.81000
23.994 -109.93700 -376.49000
9.98 -109.94400 -376.33000
-3.996 -109.95100 -376.22000
-18.025 -109.95900 -376.07000
-32.024 -109.94400 -375.96000
-46.022 -109.94900 -375.81000
-32.009 -134.18400 -376.05000
-46.016 -134.21100 -375.92000
16.987 -97.81000 -376.36000
2.998 -97.81900 -376.23000
-11.019 -97.83300 -376.14000
-25.004 -97.83600 -376.01000
-39.021 -97.82000 -375.90000
9.987 -85.70200 -376.25000
-4.018 -85.69800 -376.16000
-18.018 -85.71600 -376.04000
-32.013 -85.71300 -375.91000
