149.785 -265.81400 -377.01100
95.365 -270.18800 -377.28500
88.512 -266.02100 -377.30900
78.698 -258.43100 -377.29100
86.94 -248.45200 -377.33900
102.325 -244.08800 -377.25800
93.346 -242.27900 -377.27000
148.33 -220.27100 -377.21400
132.939 -282.61100 -377.00200
139.867 -275.49800 -377.01800
123.667 -284.85400 -377.05000
92.889 -281.35800 -377.25400
77.835 -282.83900 -377.25300
83.476 -277.56300 -377.30000
76.988 -272.63700 -377.29800
176.006 -289.90300 -376.62300
23.62 -201.54600 -376.80500
23.802 -222.35300 -376.87200
40.489 -235.17000 -376.96100
54.527 -237.51800 -377.12300
64.851 -250.81300 -377.23900
70.075 -259.40200 -377.26600
60.057 -263.67600 -377.18000
50.676 -264.54600 -377.10000
67.99 -271.10300 -377.23600
60.058 -271.90500 -377.20400
70.885 -278.81800 -377.25200
45.54 -273.24500 -377.06600
53.156 -276.26800 -377.09000
22.659 -263.69400 -376.94800
55.097 -284.28500 -377.18100
14.9 -273.87000 -376.91000
55.56 -124.80100 -376.80300
-177.467 43.37700 -375.00500
21.71 -77.00500 -376.35100
-91.809 80.56500 -375.76000
-153.7 259.92900 -376.47600
67.582 22.36100 -376.17500
118.037 39.87300 -376.05400
87.516 -125.19700 -377.03100
105.281 -217.18000 -377.25500
98.53 -230.16200 -377.26000
81.845 -229.33700 -377.27000
79.541 -238.12800 -377.27000
75.12 -247.00200 -377.25500
71.017 -235.92900 -377.23900
62.567 -228.98700 -377.21000
50.691 -221.88500 -377.07800
195.98 -189.79500 -377.16100
198.194 -95.15000 -377.02400
284.457 196.18100 -374.90100
388.152 44.02200 -375.37200
452.686 15.93300 -375.11100
468.817 -185.18700 -374.75200
364.524 -183.09800 -375.73900
369.608 -266.48400 -375.24000
160.465 -573.20700 -374.77300
128.046 -350.49400 -376.57000
69.771 -294.03100 -377.19200
78.731 -297.25900 -377.19600
103.941 -300.91400 -377.05000
100.172 -288.89600 -377.15700
395.452 -371.15200 -374.51500
263.547 -389.27400 -375.32200
-326.141 -203.60800 -373.94500
-173.425 -193.59500 -375.03200
2.515 -292.84100 -376.89200
46.554 -287.46900 -377.11500
56.141 -295.92200 -377.15600
33.705 -351.04800 -376.97600
-50.127 -536.15900 -376.18100
-84.88 -519.14100 -376.31400
518.046 -632.50300 -372.60400
489.943 -604.56800 -372.90700
575.557 -415.00800 -373.37400
585.675 101.53000 -375.21200
653.467 -142.25500 -374.46200
685.027 -212.16800 -374.23600
1079.598 -87.01800 -377.00900
1026.074 -574.52700 -374.03900
333.758 -1660.73200 -371.06800
227.151 -898.12900 -373.69400
173.717 -781.63800 -374.21700
256.952 -892.00500 -373.49200
195.018 -762.89300 -374.09300
249.647 -731.70900 -373.79700
300.696 -704.32600 -373.51400
889.471 -1088.13600 -370.38100
-716.393 -1405.25500 -374.60200
-288.066 -618.26500 -375.13400
-238.31 -768.41300 -375.80500
-227.878 -819.72400 -375.74800
-61.443 -815.25500 -376.00100
58.874 -810.53000 -375.17000
-35.224 -950.24200 -376.27500
-1.015 -1412.36300 -373.68200
-839.943 -990.22700 -372.69600
-1177.294 -858.63200 -372.12200
-1313.611 -553.37200 -370.35400
-556.122 -244.48500 -372.28400
-571.541 -359.21000 -372.50900
-488.857 -424.98000 -372.96700
-528.598 -539.19400 -372.78900
-381.069 -652.86400 -374.25100
-1100.945 -151.76000 -369.06500
-1201.132 443.25000 -368.32800
-498.629 264.59400 -373.22000
-301.193 48.95200 -374.61800
-370.648 38.41500 -374.34000
-544.324 91.15200 -372.81200
-506.793 3.21600 -372.80300
-523.727 -75.49400 -372.61300
-653.774 1037.74800 -371.07100
-442.99 835.30600 -372.25100
58.801 505.33200 -372.91300
-37.065 405.05000 -374.03400
-232.842 357.89100 -375.26200
-257.984 366.45300 -375.22100
-325.688 318.50800 -375.02900
-326.101 306.30700 -375.12800
412.457 409.06000 -373.96900
141.898 420.26100 -373.50300
480.27 817.32400 -375.72000
575.533 863.78200 -375.52200
674.021 638.87100 -375.34000
631.403 245.10700 -375.54400
633.237 169.36200 -375.61600
568.54 257.66000 -375.24600
