-124.8 55.56000 -376.80000
43.38 -177.47000 -375.01000
-77.01 21.71000 -376.35000
80.57 -91.81000 -375.76000
259.93 -153.70000 -376.48000
22.36 67.58000 -376.18000
39.87 118.04000 -376.06000
-125.2 87.52000 -377.03000
-189.8 195.98000 -377.17000
-95.15 198.19000 -377.03000
196.18 284.46000 -374.91000
44.02 388.15000 -375.38000
15.93 452.69000 -375.13000
-185.19 468.82000 -374.77000
-183.1 364.52000 -375.75000
-266.48 369.61000 -375.26000
-632.5 518.05000 -372.66000
-604.57 489.94000 -372.96000
-415.01 575.56000 -373.41000
101.53 585.68000 -375.24000
-142.26 653.47000 -374.50000
-212.17 685.03000 -374.28000
-87.02 1079.60000 -377.10000
-574.53 1026.07000 -374.15000
-1660.73 333.76000 -371.29000
-898.13 227.15000 -373.76000
-781.64 173.72000 -374.27000
-892.01 256.95000 -373.56000
-762.89 195.02000 -374.14000
-731.71 249.65000 -373.84000
-704.33 300.70000 -373.56000
-1088.14 889.47000 -370.54000
-1405.26 -716.39000 -374.80000
-618.27 -288.07000 -375.17000
-768.41 -238.31000 -375.86000
-819.72 -227.88000 -375.81000
-815.26 -61.44000 -376.05000
-810.53 58.87000 -375.22000
-950.24 -35.22000 -376.35000
-1412.36 -1.02000 -373.84000
-990.23 -839.94000 -372.83000
-858.63 -1177.29000 -372.29000
-553.37 -1313.61000 -370.51000
-244.49 -556.12000 -372.31000
-359.21 -571.54000 -372.55000
-424.98 -488.86000 -373.00000
-539.19 -528.60000 -372.83000
-652.86 -381.07000 -374.30000
-151.76 -1100.94000 -369.16000
443.25 -1201.13000 -368.46000
264.59 -498.63000 -373.25000
48.95 -301.19000 -374.63000
38.42 -370.65000 -374.35000
91.15 -544.32000 -372.84000
3.22 -506.79000 -372.82000
-75.49 -523.73000 -372.64000
1037.75 -653.77000 -371.19000
835.31 -442.99000 -372.32000
505.33 58.80000 -372.93000
405.05 -37.07000 -374.05000
357.89 -232.84000 -375.28000
366.45 -257.98000 -375.24000
318.51 -325.69000 -375.05000
306.31 -326.10000 -375.14000
409.06 412.46000 -374.00000
420.26 141.90000 -373.52000
817.32 480.27000 -375.79000
863.78 575.53000 -375.61000
638.87 674.02000 -375.41000
245.11 631.40000 -375.58000
169.36 633.24000 -375.65000
257.66 568.54000 -375.28000
-206.85 1999.81000 -372.92000
-53.59 1770.14000 -374.44000
64.26 1600.21000 -375.54000
194.32 1473.17000 -376.22000
453.65 1367.27000 -374.91000
569.74 1172.92000 -374.77000
698.66 1100.97000 -374.12000
779.73 889.29000 -374.41000
-2563.46 829.33000 -369.52000
-2829.62 330.61000 -373.37000
-2039.45 455.36000 -370.95000
-2644.3 175.09000 -373.96000
-2142.93 52.55000 -373.19000
-2535.7 -776.55000 -377.70000
-2352.17 -520.82000 -376.35000
-1962.28 -327.91000 -374.38000
-1536.78 -363.95000 -374.63000
-2181.3 -875.57000 -377.05000
-1687.73 -879.78000 -376.53000
-2458.85 -1360.97000 -380.61000
-2153.35 -1683.51000 -380.99000
-1863.8 -1371.37000 -378.97000
-1497.8 -1631.27000 -376.74000
-1387.35 -1224.70000 -376.46000
-1247.36 -1907.59000 -375.33000
-1775.43 -2054.93000 -378.58000
-2214.24 -2400.04000 -380.84000
-1785.7 -2441.55000 -377.35000
-1367.78 -2346.29000 -375.66000
-1905.8 -2770.82000 -378.43000
-1640.33 -3105.64000 -376.80000
-1455.11 -2872.28000 -376.45000
-845.05 -1654.37000 -372.22000
-629.74 -1994.47000 -373.70000
-1026.38 -2327.42000 -374.52000
-408.81 -2238.17000 -371.50000
-931.59 -2698.58000 -373.23000
-572.92 -2670.33000 -371.79000
-23.61 -2405.67000 -369.35000
-1095.29 -3029.46000 -373.69000
812.85 -803.01000 -371.04000
-179.53 -1471.78000 -369.24000
691.74 -1177.92000 -368.31000
478.33 -1677.27000 -366.65000
932.27 -1559.38000 -367.41000
106.66 -1881.27000 -368.26000
251.75 -2285.48000 -367.95000
940.61 -1991.31000 -365.15000
991.57 -165.76000 -370.30000
1486.98 -511.31000 -368.75000
2065.83 -338.49000 -365.99000
1408.62 -805.81000 -367.88000
1139.39 -1105.72000 -370.54000
1975.87 -931.99000 -365.39000
1867.29 -1336.34000 -366.17000
1355.78 -1664.29000 -365.88000
